-24,5,34,63
7,70,133,196
88,58,28,-2
10,86,162,238
17,42,67,92
-40,-99,-158,-217
-54,-60,-66,-72
-61,8,77,146
-66,-121,-176,-231
-13,-68,-123,-178
85,47,9,-29
-63,-77,-91,-105
96,177,258,339
-78,-90,-102,-114
-18,-67,-116,-165
-48,-29,-10,9
42,63,84,105
-77,-133,-189,-245
-36,-77,-118,-159
2,-13,-28,-43
-48,-131,-214,-297
-95,-34,27,88
46,132,218,304
16,14,12,10
-8,-61,-114,-167
9,102,195,288
-54,-50,-46,-42
25,23,21,19
-21,15,51,87
98,71,44,17
77,-16,-109,-202
60,143,226,309
-48,-129,-210,-291
36,3,-30,-63
44,-29,-102,-175
31,-48,-127,-206
56,55,54,53
81,124,167,210
-33,46,125,204
-61,-21,19,59
49,-45,-139,-233
-4,-4,-4,-4
22,103,184,265
72,96,120,144
15,76,137,198
-52,-116,-180,-244
-95,-17,61,139
-67,-69,-71,-73
43,139,235,331
-6,-6,-6,-6
37,-52,-141,-230
-86,-178,-270,-362
-81,-77,-73,-69
64,128,192,256
-70,-25,20,65
4,36,68,100
30,125,220,315
-9,51,111,171
65,51,37,23
-74,-158,-242,-326
-22,-88,-154,-220
61,128,195,262
-20,-108,-196,-284
-17,-12,-7,-2
26,58,90,122
-14,-56,-98,-140
97,0,-97,-194
-79,-146,-213,-280
-61,-87,-113,-139
-32,-34,-36,-38
84,175,266,357
48,-42,-132,-222
-16,-62,-108,-154
89,99,109,119
97,80,63,46
40,0,-40,-80
8,41,74,107
33,73,113,153
-75,-140,-205,-270
-66,34,134,234
12,-82,-176,-270
34,111,188,265
-26,-88,-150,-212
97,89,81,73
71,2,-67,-136
-25,4,33,62
-14,-76,-138,-200
-76,-80,-84,-88
-55,-37,-19,-1
17,-6,-29,-52
-42,-92,-142,-192
-47,-23,1,25
97,162,227,292
-31,15,61,107
-79,-62,-45,-28
76,158,240,322
-48,16,80,144
-96,-77,-58,-39
-38,-53,-68,-83
-65,-133,-201,-269
-82,-97,-112,-127
-6,14,34,54
40,79,118,157
-94,-66,-38,-10
-36,-123,-210,-297
31,37,43,49
64,45,26,7
94,138,182,226
-35,-29,-23,-17
22,-57,-136,-215
-15,41,97,153
-47,-129,-211,-293
-44,-114,-184,-254
5,-7,-19,-31
75,66,57,48
89,93,97,101
92,120,148,176
35,-17,-69,-121
35,-7,-49,-91
-87,-48,-9,30
-55,-104,-153,-202
69,103,137,171
56,25,-6,-37
-99,-64,-29,6
-23,-2,19,40
-100,-16,68,152
-15,-23,-31,-39
54,46,38,30
57,21,-15,-51
-93,-99,-105,-111
45,-20,-85,-150
-70,-75,-80,-85
22,-10,-42,-74
48,-14,-76,-138
84,32,-20,-72
53,7,-39,-85
-43,-106,-169,-232
15,-67,-149,-231
9,46,83,120
29,14,-1,-16
36,66,96,126
89,116,143,170
42,-17,-76,-135
-77,-130,-183,-236
-10,12,34,56
33,25,17,9
-30,24,78,132
-17,16,49,82
67,136,205,274
23,-26,-75,-124
8,25,42,59
-47,27,101,175
-77,-114,-151,-188
29,117,205,293
28,24,20,16
30,39,48,57
44,53,62,71
99,104,109,114
-79,-136,-193,-250
-88,-166,-244,-322
-10,-29,-48,-67
53,26,-1,-28
55,81,107,133
95,182,269,356
-73,-135,-197,-259
-82,-43,-4,35
6,11,16,21
-3,70,143,216
34,13,-8,-29
4,52,100,148
-70,-101,-132,-163
-48,-31,-14,3
51,-41,-133,-225
-12,-64,-116,-168
-28,10,48,86
-21,27,75,123
41,78,115,152
-97,-109,-121,-133
-15,-49,-83,-117
-61,-107,-153,-199
-14,51,116,181
-22,56,134,212
-21,33,87,141
51,113,175,237
-57,-82,-107,-132
90,148,206,264
34,-1,-36,-71
67,55,43,31
-67,-13,41,95
98,171,244,317
77,80,83,86
-69,-51,-33,-15
-19,-79,-139,-199
65,115,165,215
-36,22,80,138
-82,-75,-68,-61
-73,-151,-229,-307
-1,35,71,107
-1,-63,-125,-187
-89,-160,-231,-302
